pitch = -0.007892
roll = 0.0226666
yaw = 0.00252
